#Table: J/AJ/155/201/table8.dat (http://cdsarc.cds.unistra.fr)
-------------------------------------------------------------------------------------------
SN                     |        MJD|    Phase|Filter|     mag|  e_mag|       Flux|       e_
-----------------------|-----------|---------|------|--------|-------|-----------|---------
CSS121009:011101-172841|56234.27359| 14.27359|WHIRCJ|18.97756|0.05157|   256.4340|  12.1698
CSS121009:011101-172841|56229.31361|  9.31361|WHIRCH|18.64361|0.04781|   348.7850|  15.3479
CSS121009:011101-172841|56229.28541|  9.28541|WHIRCJ|19.27324|0.07101|   195.3014|  12.7551
CSS121009:011101-172841|56234.22657| 14.22657|WHIRCH|18.53778|0.04162|   384.4939|  14.7330
CSS121114:090202+101800|56254.50847|  2.50847|WHIRCH|18.08766|0.02963|   582.0156|  15.8819
CSS121114:090202+101800|56257.45088|  5.45088|WHIRCH|18.29991|0.02746|   478.6713|  12.1028
CSS121114:090202+101800|56262.48385| 10.48385|WHIRCH|18.39446|0.03869|   438.7490|  15.6268
CSS121114:090202+101800|56254.52481|  2.52481|WHIRCJ|18.39741|0.02063|   437.5576|   8.3115
CSS121114:090202+101800|56257.46387|  5.46387|WHIRCJ|18.84659|0.02922|   289.3104|   7.7855
CSS121114:090202+101800|56262.49573| 10.49573|WHIRCJ|19.18741|0.04400|   211.3655|   8.5610
LSQ12fhs               |56229.18441| 14.18441|WHIRCH|17.62670|0.04234|   889.8578|  34.6828
LSQ12fhs               |56262.09874| 47.09874|WHIRCJ|19.29963|0.05243|   190.6111|   9.1971
LSQ12fhs               |56254.09366| 39.09366|WHIRCJ|19.07615|0.05002|   234.1756|  10.7798
LSQ12fhs               |56234.19517| 19.19517|WHIRCJ|18.20453|0.02412|   522.6215|  11.6097
LSQ12fhs               |56229.20190| 14.20190|WHIRCJ|18.10289|0.04167|   573.9127|  22.0156
LSQ12fhs               |56262.06478| 47.06478|WHIRCH|18.74395|0.07230|   317.9950|  21.1452
LSQ12fhs               |56254.11603| 39.11603|WHIRCH|18.39693|0.04528|   437.7520|  18.2472
LSQ12fhs               |56234.18017| 19.18017|WHIRCH|17.71930|0.03340|   817.1110|  25.1270
LSQ12fmx               |56229.35056|  2.35056|WHIRCH|19.36719|0.04266|   179.1119|   7.0333
LSQ12fmx               |56257.27331| 30.27331|WHIRCH|19.59783|0.04753|   144.8337|   6.3364
LSQ12fmx               |56262.34668| 35.34668|WHIRCH|19.83690|0.11267|   116.2093|  12.0162
LSQ12fmx               |56229.39756|  2.39756|WHIRCJ|19.29668|0.03715|   191.1294|   6.5379
LSQ12fmx               |56234.38407|  7.38407|WHIRCH|19.96764|0.09762|   103.0255|   9.2385
LSQ12fmx               |56234.43086|  7.43086|WHIRCJ|19.95668|0.09658|   104.0702|   9.2334
LSQ13cmt               |56584.31926|  9.31926|WHIRCH|18.18813|0.04625|   530.5772|  22.5891
LSQ13cmt               |56581.28436|  6.28436|WHIRCJ|17.99420|0.02952|   634.3391|  17.2411
LSQ13cmt               |56586.32803| 11.32803|WHIRCJ|18.80891|0.06029|   299.5273|  16.6163
LSQ13cmt               |56586.30561| 11.30561|WHIRCH|18.35185|0.05018|   456.3114|  21.0734
LSQ13cmt               |56581.26194|  6.26194|WHIRCH|18.03593|0.03894|   610.4191|  21.8811
LSQ13cwp               |56617.29790| 11.29790|WHIRCJ|19.48204|0.08557|   161.1329|  12.6736
LSQ13cwp               |56608.42282|  2.42282|WHIRCJ|18.65466|0.04892|   345.2521|  15.5457
LSQ13cwp               |56640.28729| 34.28729|WHIRCJ|19.42432|0.07656|   169.9309|  11.9625
LSQ13cwp               |56640.26270| 34.26270|WHIRCH|19.05540|0.09231|   238.6924|  20.2450
LSQ13cwp               |56617.21589| 11.21589|WHIRCH|18.86661|0.09072|   284.0236|  23.6771
LSQ13cwp               |56608.38579|  2.38579|WHIRCH|18.72881|0.06739|   322.4610|  19.9895
LSQ13cwp               |56636.36635| 30.36635|WHIRCJ|20.30477|0.25482|    75.5255|  17.4069
PS1-13dkh              |56584.43367| 12.43367|WHIRCH|17.51395|0.01467|   987.2354|  13.3347
PS1-13dkh              |56608.33839| 36.33839|WHIRCH|17.63576|0.01837|   882.4650|  14.9275
PS1-13dkh              |56584.44199| 12.44199|WHIRCJ|18.34259|0.01582|   460.2196|   6.7042
PS1-13dkh              |56608.35287| 36.35287|WHIRCJ|18.19634|0.02087|   526.5785|  10.1212
PS1-13dkh              |56636.19904| 64.19904|WHIRCJ|19.59913|0.10234|   144.6604|  13.5949
PS1-13dkh              |56636.18417| 64.18417|WHIRCH|18.68953|0.16637|   334.3385|  50.8355
PTF11moy               |55860.11461| 36.11461|WHIRCJ|20.09368|0.14560|    91.7337|  12.2286
PTF11moy               |55860.13251| 36.13251|WHIRCH|19.70119|0.19383|   131.6817|  23.2622
PTF11qmo               |55904.49490| 10.49490|WHIRCJ|19.64726|0.06919|   138.3871|   8.8072
PTF11qmo               |55935.37799| 41.37799|WHIRCH|18.84237|0.08181|   290.4358|  21.8422
PTF11qmo               |55904.47779| 10.47779|WHIRCH|18.83034|0.04674|   293.6733|  12.6352
PTF11qmo               |55935.40492| 41.40492|WHIRCJ|19.68551|0.11437|   133.5966|  14.0211
PTF13asv               |56435.39767| 12.39767|WHIRCH|17.79877|0.02485|   759.4365|  17.3780
PTF13asv               |56441.37773| 18.37773|WHIRCH|18.10286|0.03891|   573.9267|  20.5603
PTF13asv               |56461.36792| 38.36792|WHIRCH|17.66586|0.01824|   858.3299|  14.4163
PTF13asv               |56457.39626| 34.39626|WHIRCH|17.73282|0.04213|   806.9986|  31.3011
PTF13dad               |56586.45366| 39.45366|WHIRCJ|27.31938|0.64982|     0.1181|   0.0633
PTF13dad               |56581.40990| 34.40990|WHIRCJ|27.07142|0.64941|     0.1484|   0.0795
PTF13dad               |56586.40905| 39.40905|WHIRCH|20.22360|0.04854|    81.3877|   3.6359
PTF13dad               |56581.35978| 34.35978|WHIRCH|19.80473|0.04236|   119.7036|   4.6675
PTF13dad               |56561.31567| 14.31567|WHIRCH|20.22134|0.05480|    81.5578|   4.1130
PTF13ddg               |56585.38618| 40.38618|WHIRCH|20.01846|0.08013|    98.3138|   7.2426
PTF13ddg               |56581.18817| 36.18817|WHIRCH|19.84544|0.05608|   115.2985|   5.9501
PTF13ddg               |56561.17936| 16.17936|WHIRCH|19.09255|0.09158|   230.6639|  19.4101
SN2011fe               |55860.07135| 46.07135|WHIRCK|12.37023|0.06591|112696.3170|6833.3573
SN2011fe               |56020.49175|206.49175|WHIRCJ|17.96930|0.05134|   649.0554|  30.6680
SN2011fe               |55860.07410| 46.07410|WHIRCJ|13.08258|0.04065| 58474.4566|2188.0533
SN2011fe               |55860.06579| 46.06579|WHIRCH|11.91697|0.03557|171084.6261|5603.5862
SN2011fe               |56020.48346|206.48346|WHIRCH|17.89705|0.04836|   693.7143|  30.8798
SN2011fs               |55860.30238| 27.30238|WHIRCJ|17.13283|0.02471|  1402.3927|  31.9160
SN2011fs               |55881.14001| 48.14001|WHIRCH|16.97204|0.01474|  1626.2418|  22.0707
SN2011fs               |55860.29276| 27.29276|WHIRCH|16.14016|0.01675|  3498.9376|  53.9622
SN2011fs               |55881.16411| 48.16411|WHIRCJ|17.73779|0.01826|   803.3107|  13.5064
SN2011fs               |55904.09285| 71.09285|WHIRCH|17.77224|0.02872|   778.2218|  20.5774
SN2011fs               |55904.11262| 71.11262|WHIRCJ|19.21216|0.04188|   206.6021|   7.9659
SN2011fs               |55860.31167| 27.31167|WHIRCK|16.32620|0.06342|  2947.9490| 172.0056
SN2011fs               |55935.09024|102.09024|WHIRCJ|20.41071|0.21649|    68.5043|  13.4813
SN2011fs               |55935.06171|102.06171|WHIRCH|18.74504|0.07551|   317.6762|  22.0590
SN2011gf               |55860.22490| 33.22490|WHIRCH|17.32946|0.04498|  1170.0812|  48.4463
SN2011gf               |55881.05948| 54.05948|WHIRCH|17.96596|0.03303|   651.0534|  19.7979
SN2011gf               |55904.05770| 77.05770|WHIRCH|18.77189|0.16387|   309.9150|  46.4227
SN2011gf               |55860.21079| 33.21079|WHIRCJ|18.33066|0.04367|   465.3028|  18.7047
SN2011gf               |55881.07449| 54.07449|WHIRCJ|19.13042|0.04104|   222.7566|   8.4169
SN2011io               |55904.15409| 10.15409|WHIRCJ|19.14274|0.04703|   220.2432|   9.5348
SN2011io               |55904.13970| 10.13970|WHIRCH|18.73809|0.04444|   319.7168|  13.0789
SN2011iy               |56020.36359|124.36359|WHIRCH|17.24135|0.05255|  1269.0003|  61.3719
SN2011iy               |56020.38029|124.38029|WHIRCJ|18.24914|0.09101|   501.5825|  41.9459
SN2011jh               |56020.33161| 91.33161|WHIRCH|18.67751|0.17576|   338.0610|  54.2536
SN2011jh               |56020.34863| 91.34863|WHIRCJ|20.43959|0.56186|    66.7057|  31.7362
SN2012bh               |56020.27066|  4.27066|WHIRCH|17.27685|0.01679|  1228.1745|  18.9957
SN2012bh               |56020.27890|  4.27890|WHIRCJ|17.22727|0.01548|  1285.5605|  18.3324
SN2012bo               |56020.40244| -0.59756|WHIRCH|16.37131|0.04600|  2827.9797| 119.7405
SN2012bo               |56020.40716| -0.59284|WHIRCJ|16.43152|0.03139|  2675.4170|  77.3249
SN2012bp               |56020.51105|  7.51105|WHIRCJ|17.73159|0.02630|   807.9143|  19.5665
SN2012bp               |56020.50536|  7.50536|WHIRCH|17.51160|0.02206|   989.3704|  20.0956
SN2012em               |56196.21274| 15.21274|WHIRCJ|18.97292|0.03439|   257.5320|   8.1553
SN2012em               |56196.18464| 15.18464|WHIRCH|18.58777|0.04301|   367.1903|  14.5369
SN2012fk               |56234.32294| 11.32294|WHIRCH|17.83844|0.01879|   732.1888|  12.6733
SN2012fk               |56257.22896| 34.22896|WHIRCH|18.70868|0.03667|   328.4954|  11.0898
SN2012fk               |56262.29933| 39.29933|WHIRCH|19.09234|0.03433|   230.7093|   7.2915
SN2012fk               |56234.33988| 11.33988|WHIRCJ|18.67895|0.02360|   337.6132|   7.3387
SN2012fk               |56257.24358| 34.24358|WHIRCJ|19.40700|0.05636|   172.6626|   8.9547
SN2012fr               |56234.30669| -5.69331|WHIRCH|13.30711|0.03665| 47550.7993|1604.6337
SN2012fr               |56234.31523| -5.68477|WHIRCJ|13.02204|0.03573| 61827.9113|2033.7157
SN2013ar               |56378.18000|  4.18000|WHIRCJ|21.61015|0.32937|    22.6955|   6.6812
SN2013ar               |56378.14022|  4.14022|WHIRCH|21.41520|0.37869|    27.1595|   9.1066
SN2013ar               |56403.13002| 29.13002|WHIRCH|21.56730|0.55557|    23.6092|  11.1263
SN2013ar               |56412.18302| 38.18302|WHIRCJ|22.13422|0.46178|    14.0059|   5.6220
SN2013ar               |56412.14117| 38.14117|WHIRCH|21.29545|0.49868|    30.3263|  13.0255
SN2013bs               |56435.47398| 32.47398|WHIRCJ|18.45282|0.05032|   415.7894|  19.2559
SN2013bs               |56457.46418| 54.46418|WHIRCJ|20.31953|0.27680|    74.5051|  18.5933
SN2013bs               |56441.44940| 38.44940|WHIRCJ|18.96375|0.05364|   259.7171|  12.8201
SN2013bs               |56408.49228|  5.49228|WHIRCJ|16.74712|0.01200|  2000.5699|  22.1052
SN2013bs               |56403.46082|  0.46082|WHIRCJ|16.76254|0.01286|  1972.3511|  23.3677
SN2013bs               |56461.41814| 58.41814|WHIRCH|18.89789|0.06191|   275.9585|  15.7185
SN2013bs               |56457.44571| 54.44571|WHIRCH|19.08329|0.12021|   232.6396|  25.6530
SN2013bs               |56441.43318| 38.43318|WHIRCH|18.51243|0.05293|   393.5743|  19.1729
SN2013bs               |56435.46406| 32.46406|WHIRCH|18.02158|0.04304|   618.5421|  24.5078
SN2013bs               |56412.47950|  9.47950|WHIRCH|17.69737|0.02885|   833.7791|  22.1528
SN2013bs               |56408.48689|  5.48689|WHIRCH|16.62438|0.01463|  2239.9937|  30.1722
SN2013bs               |56403.44112|  0.44112|WHIRCH|16.86693|0.01446|  1791.5430|  23.8549
SN2013bs               |56461.44315| 58.44315|WHIRCJ|21.01270|0.27460|    39.3479|   9.7447
SN2013bt               |56412.42546|  4.42546|WHIRCJ|17.55214|0.02276|   953.1097|  19.9802
SN2013bt               |56436.38252| 28.38252|WHIRCJ|18.73328|0.05757|   321.1367|  17.0117
SN2013bt               |56403.40590| -4.59410|WHIRCH|17.75819|0.02989|   788.3565|  21.7001
SN2013bt               |56408.45670|  0.45670|WHIRCH|17.49899|0.02014|  1000.9329|  18.5615
SN2013bt               |56412.40951|  4.40951|WHIRCH|17.76281|0.02788|   785.0121|  20.1564
SN2013bt               |56432.30787| 24.30787|WHIRCH|17.59589|0.02087|   915.4710|  17.5974
SN2013bt               |56436.35763| 28.35763|WHIRCH|18.00003|0.03991|   630.9377|  23.1831
SN2013bt               |56408.44833|  0.44833|WHIRCJ|17.27991|0.01656|  1224.7126|  18.6828
SN2013bt               |56432.33212| 24.33212|WHIRCJ|18.19832|0.02412|   525.6201|  11.6748
SN2013bt               |56403.42458| -4.57542|WHIRCJ|17.58586|0.02237|   923.9693|  19.0378
SN2013cs               |56441.15469|  5.15469|WHIRCH|14.71889|0.01570| 12955.2055| 187.2833
SN2013cs               |56457.15867| 21.15867|WHIRCH|14.57409|0.01564| 14803.4860| 213.2374
SN2013cs               |56461.15182| 25.15182|WHIRCH|14.50506|0.01564| 15775.2935| 227.2892
SN2013cs               |56436.15128|  0.15128|WHIRCJ|14.28690|0.01597| 19285.8728| 283.7246
SN2013cs               |56441.16450|  5.16450|WHIRCJ|14.62909|0.01612| 14072.2078| 208.9566
SN2013cs               |56457.16921| 21.16921|WHIRCJ|15.83277|0.01666|  4644.0032|  71.2681
SN2013cs               |56461.16252| 25.16252|WHIRCJ|15.62282|0.01664|  5634.6998|  86.3731
SN2013cs               |56436.16145|  0.16145|WHIRCH|14.56148|0.01562| 14976.3730| 215.4565
SN2013fn               |56581.10267|  9.10267|WHIRCH|17.52947|0.02097|   973.2240|  18.7976
SN2013fn               |56586.05958| 14.05958|WHIRCH|17.47423|0.02401|  1024.0205|  22.6391
SN2013fn               |56608.05876| 36.05876|WHIRCH|17.51843|0.02718|   983.1658|  24.6066
SN2013fn               |56581.11308|  9.11308|WHIRCJ|17.98581|0.02212|   639.2556|  13.0228
SN2013fn               |56586.06894| 14.06894|WHIRCJ|18.46028|0.03267|   412.9421|  12.4225
SN2013fn               |56608.07328| 36.07328|WHIRCJ|17.99965|0.03069|   631.1582|  17.8366
SN2013fn               |56581.12161|  9.12161|WHIRCK|17.11799|0.03851|  1421.6874|  50.4095
SN2013fn               |56586.07718| 14.07718|WHIRCK|17.18156|0.03487|  1340.8373|  43.0513
iPTF13dge              |56591.50141| 36.50141|WHIRCH|16.52956|0.01312|  2444.4147|  29.5352
iPTF13dge              |56586.50377| 31.50377|WHIRCH|16.00029|0.01186|  3979.9989|  43.4850
iPTF13dge              |56584.40566| 29.40566|WHIRCH|15.87628|0.01146|  4461.5861|  47.0733
iPTF13dge              |56608.46109| 53.46109|WHIRCH|17.66258|0.01806|   860.9338|  14.3213
iPTF13dge              |56563.49315|  8.49315|WHIRCH|16.56236|0.01296|  2371.6740|  28.3000
iPTF13dge              |56636.40312| 81.40312|WHIRCH|18.34840|0.05755|   457.7643|  24.2431
iPTF13dge              |56581.47155| 26.47155|WHIRCH|16.03264|0.01190|  3863.1807|  42.3400
iPTF13dge              |56640.33546| 85.33546|WHIRCH|18.93797|0.06199|   265.9562|  15.1686
iPTF13dge              |56581.47993| 26.47993|WHIRCJ|17.24511|0.01383|  1264.6121|  16.1025
iPTF13dge              |56640.37611| 85.37611|WHIRCK|18.61907|0.10671|   356.7577|  34.9522
iPTF13dge              |56636.43949| 81.43949|WHIRCK|18.94088|0.56826|   265.2452| 127.4000
iPTF13dge              |56563.50245|  8.50245|WHIRCJ|16.83884|0.01332|  1838.4976|  22.5552
iPTF13dge              |56586.52030| 31.52030|WHIRCK|16.12456|0.01883|  3549.5575|  61.5663
iPTF13dge              |56584.41948| 29.41948|WHIRCK|15.77992|0.01623|  4875.6274|  72.8552
iPTF13dge              |56581.48814| 26.48814|WHIRCK|16.00012|0.01717|  3980.6335|  62.9567
iPTF13dge              |56591.50969| 36.50969|WHIRCK|16.54262|0.02088|  2415.2024|  46.4452
iPTF13dge              |56636.41890| 81.41890|WHIRCJ|20.38050|0.17157|    70.4370|  11.0389
iPTF13dge              |56608.48582| 53.48582|WHIRCJ|19.27159|0.04326|   195.5981|   7.7894
iPTF13dge              |56591.52441| 36.52441|WHIRCJ|17.42516|0.01332|  1071.3620|  13.1428
iPTF13dge              |56586.51208| 31.51208|WHIRCJ|16.95876|0.01263|  1646.2577|  19.1422
iPTF13dge              |56640.35126| 85.35126|WHIRCJ|20.65380|0.19175|    54.7623|   9.5724
iPTF13dge              |56584.41120| 29.41120|WHIRCJ|16.84558|0.01234|  1827.1158|  20.7615
iPTF13dkl              |56563.36130|  7.36130|WHIRCH|18.56847|0.05115|   373.7778|  17.5948
iPTF13dkl              |56584.34696| 28.34696|WHIRCH|18.70421|0.04635|   329.8484|  14.0719
iPTF13dkl              |56563.36951|  7.36951|WHIRCJ|18.03202|0.02954|   612.6198|  16.6651
iPTF13dkl              |56584.36493| 28.36493|WHIRCJ|19.32750|0.07278|   185.7799|  12.4340
iPTF13dkx              |56581.24375| 20.24375|WHIRCJ|18.64006|0.02005|   349.9251|   6.4609
iPTF13dkx              |56585.34448| 24.34448|WHIRCH|17.54054|0.01941|   963.3520|  17.2241
iPTF13dkx              |56581.23899| 20.23899|WHIRCH|17.44612|0.01859|  1050.8792|  17.9887
iPTF13dkx              |56563.42330|  2.42330|WHIRCJ|17.16061|0.01971|  1366.9592|  24.8068
iPTF13dkx              |56608.16421| 47.16421|WHIRCJ|18.72205|0.02621|   324.4736|   7.8307
iPTF13dkx              |56563.41323|  2.41323|WHIRCH|17.38961|0.02056|  1107.0185|  20.9614
iPTF13dkx              |56608.15223| 47.15223|WHIRCH|17.97829|0.02146|   643.7012|  12.7196
iPTF13ebh              |56636.14241| 17.14241|WHIRCH|15.36282|0.03184|  7159.3150| 209.8877
iPTF13ebh              |56640.14095| 21.14095|WHIRCH|15.47487|0.01139|  6457.3185|  67.7338
iPTF13ebh              |56617.14329| -1.85671|WHIRCJ|15.40729|0.01294|  6871.9917|  81.8816
iPTF13ebh              |56636.15130| 17.15130|WHIRCJ|16.41932|0.04776|  2705.6447| 118.9459
iPTF13ebh              |56640.15049| 21.15049|WHIRCJ|16.22341|0.01276|  3240.6910|  38.0783
iPTF13ebh              |56617.15312| -1.84688|WHIRCK|15.39068|0.01739|  6977.9267| 111.7250
iPTF13ebh              |56636.16017| 17.16017|WHIRCK|15.48230|0.07114|  6413.2790| 419.6413
iPTF13ebh              |56640.15936| 21.15936|WHIRCK|15.45387|0.01509|  6583.4459|  91.4833
iPTF13ebh              |56617.13733| -1.86267|WHIRCH|15.47307|0.01356|  6468.0416|  80.7895
-------------------------------------------------------------------------------------------
